# Average
array([215.83333333, 101.58333333, 144.08333333])
array([216.36363636,  99.72727273, 143.45454545])
array([216.        ,  98.36363636, 142.36363636])
array([210.3       ,  92.4       , 137.1       ])
array([207.55555556,  80.11111111, 128.44444444])
array([201.3       ,  70.9       , 120.4       ])
array([210.7       ,  99.6       , 141.7       ])
array([217.        , 112.18181818, 151.45454545])
array([212.36363636,  97.72727273, 140.90909091])

array([208.16666667,  84.5       , 130.66666667])
array([214.28571429, 102.42857143, 144.28571429])
array([208.        ,  85.66666667, 131.        ])
array([207.33333333,  80.5       , 127.66666667])
array([213.42857143, 113.57142857, 151.57142857])

array([209.875     , 103.5       , 143.625     ])
array([220.85714286, 118.42857143, 157.14285714])
array([214.33333333, 100.66666667, 142.66666667])
array([218.83333333, 110.83333333, 150.5       ])
array([217.33333333, 113.83333333, 152.66666667])

array([199.        ,  76.71428571, 123.85714286])

# Median
array([211.,  79., 115.])
array([217.,  94., 144.])
array([211.,  86., 126.])
array([175.,  22.,  82.])
array([179.,  23.,  82.])
array([219.5,  37.5, 106.5])
array([217., 120., 161.])
array([190. ,  38. ,  97.5])
array([190.,  38.,  98.])